0	-512	0	-256	0	0
0.16129	-512	0	-256	0	0
0.322581	-512	0	-256	0	0
0.483871	-512	0	-256	0	0
0.645161	-511.984	0.127744	-255.996	0.007984	0
0.806452	-511.922	0.622716	-255.98	0.0396158	0
0.967742	-511.463	4.31985	-255.864	0.281158	0
1.12903	-510.17	15.2894	-255.529	1.05696	0
1.29032	-507.291	41.3674	-254.752	3.2664	0
1.45161	-501.595	91.5193	-253.171	7.81403	0
1.6129	-492.738	190.246	-250.481	20.1782	0
1.77419	-479.318	330.633	-246.111	45.63	0
1.93548	-457.953	595.166	-237.971	125.72	0
2.09677	-425.219	1025.64	-222.379	429.897	0
2.25806	-377.565	1743.25	55.1684	34870.8	0
2.41935	-311.677	2014.88	-26.9148	17974.4	0
2.58065	-269.928	1460.41	-14.2558	8770.65	0
2.74194	-241.144	1118.39	5.8152	5291.04	0
2.90323	-220.714	1005.77	-6.9816	3904.13	0
3.06452	-203.081	936.822	1.5818	2718.67	0
3.22581	-189.155	880.541	-0.7138	2196.9	0
3.3871	-176.68	822.782	1.5814	1764.85	0
3.54839	-165.748	762.442	0.597	1556.94	0
3.70968	-156.826	738.372	-0.5436	1304.33	0
3.87097	-148.836	707.66	-1.0152	1243.24	0
4.03226	-141.408	686.414	1.5822	1054.34	0
4.19355	-134.298	696.123	0.6002	977.443	0
4.35484	-129.043	665.861	0.9872	921.177	0
4.51613	-123.076	663.806	1.3956	894.478	0
4.67742	-118.979	644.642	-0.149	811.315	0
4.83871	-114.206	629.81	0.1906	734.746	0
5	-109.107	618.787	0.6116	724.129	0
0	-512	0	256	0	1
0.16129	-512	0	256	0	1
0.322581	-512	0	256	0	1
0.483871	-512	0	256	0	1
0.645161	-511.993	0.0575482	255.998	0.00359676	1
0.806452	-511.906	0.775239	255.976	0.049843	1
0.967742	-511.424	4.71256	255.854	0.309084	1
1.12903	-510.18	15.5996	255.531	1.08764	1
1.29032	-507.02	43.4812	254.683	3.34111	1
1.45161	-501.832	90.647	253.22	8.12849	1
1.6129	-492.784	181.272	250.514	18.9708	1
1.77419	-478.61	344.312	245.824	49.1014	1
1.93548	-458.75	572.003	238.419	117.582	1
2.09677	-427.497	980.019	224.71	306.782	1
2.25806	-377.756	1835.33	-115.717	24298.2	1
2.41935	-315.988	2092.19	53.5106	17358.3	1
2.58065	-269.316	1485.55	12.1226	8997.5	1
2.74194	-241.964	1151.15	7.0696	5549.72	1
2.90323	-221.406	1003.81	-0.0238	3645.54	1
3.06452	-203.082	938.816	0.0096	2733.81	1
3.22581	-188.659	839.668	0.841	2108.61	1
3.3871	-176.364	814.207	-0.6274	1749.11	1
3.54839	-165.832	754.842	1.2364	1542.51	1
3.70968	-156.249	742.445	1.4392	1293.32	1
3.87097	-148.043	709.32	0.87	1187.83	1
4.03226	-141.615	685.839	-0.1606	1064.87	1
4.19355	-134.42	663.942	-0.161	962.25	1
4.35484	-128.351	650.827	-0.1036	955.552	1
4.51613	-123.805	645.555	0.0812	852.661	1
4.67742	-118.393	636.457	-0.1038	814.822	1
4.83871	-114.508	624.523	-0.2406	744.038	1
5	-110.094	631.028	0.4222	740.187	1
0	-512	0	-256	0	2
0.16129	-512	0	-256	0	2
0.322581	-512	0	-256	0	2
0.483871	-512	0	-256	0	2
0.645161	-511.99	0.0767078	-255.998	0.00479424	2
0.806452	-511.894	0.843249	-255.973	0.0540924	2
0.967742	-511.434	4.80239	-255.856	0.322349	2
1.12903	-510.027	16.9657	-255.489	1.20687	2
1.29032	-507.378	40.0243	-254.786	2.99038	2
1.45161	-501.931	89.4833	-253.243	7.99625	2
1.6129	-492.766	178.88	-250.495	18.9694	2
1.77419	-479.447	327.43	-246.095	46.4157	2
1.93548	-458.006	585.469	-238.305	107.872	2
2.09677	-425.778	1154.22	-222.011	625.766	2
2.25806	-378.532	1775.86	-173.481	7969.11	2
2.41935	-313.85	2070.31	-2.1536	19079.8	2
2.58065	-270.226	1475.68	-2.9254	9551.75	2
2.74194	-239.89	1037.14	-11.5122	4632.22	2
2.90323	-218.903	936.081	-2.8814	3397.09	2
3.06452	-203.1	931.912	0.3372	2657.68	2
3.22581	-189.044	888.706	1.2246	2183.75	2
3.3871	-176.703	811.09	3.0412	1673.09	2
3.54839	-166.328	768.475	0.7108	1505.07	2
3.70968	-157.072	754.973	-1.0642	1393.87	2
3.87097	-148.842	720.588	0.0336	1166.02	2
4.03226	-140.843	694.661	-2.2396	1098.48	2
4.19355	-135.025	657.475	-0.0292	987.503	2
4.35484	-128.883	675.841	1.0162	934.933	2
4.51613	-123.346	646.011	-1.5942	883.886	2
4.67742	-118.414	624.427	0.202	809.837	2
4.83871	-113.699	621.036	0.5892	709.839	2
5	-109.124	624.766	1.054	762.824	2
0	-512	0	256	0	3
0.16129	-512	0	256	0	3
0.322581	-512	0	256	0	3
0.483871	-512	0	256	0	3
0.645161	-511.999	0.00639936	256	0.00039996	3
0.806452	-511.905	0.765337	255.976	0.0478336	3
0.967742	-511.486	4.22902	255.87	0.274752	3
1.12903	-510.205	15.4299	255.533	1.11671	3
1.29032	-507.24	39.943	254.738	3.14965	3
1.45161	-501.673	93.2308	253.173	8.4316	3
1.6129	-492.341	186.649	250.411	18.8142	3
1.77419	-479.223	329.784	246.122	42.3571	3
1.93548	-458.758	561.765	238.689	102.735	3
2.09677	-427.224	1023.1	223.944	348.576	3
2.25806	-374.265	1971.82	-134.978	18158.3	3
2.41935	-313.965	2053.94	4.8356	18832.4	3
2.58065	-270.491	1379.55	-11.8928	9214.59	3
2.74194	-241.338	1141.33	-8.4958	5283.72	3
2.90323	-219.721	1003.15	-4.0476	3433.98	3
3.06452	-203.156	891.077	-0.5852	2727.42	3
3.22581	-189.203	882.184	1.6646	2311.74	3
3.3871	-176.217	808.711	-3.1704	1724.71	3
3.54839	-166.456	777.428	-1.8128	1469.88	3
3.70968	-157.037	747.409	0.2396	1276.91	3
3.87097	-148.293	701.884	0.1276	1179.31	3
4.03226	-141.586	698.696	1.0392	1105.86	3
4.19355	-134.717	662.091	0.5976	953.792	3
4.35484	-129.197	669.746	0.1654	917.275	3
4.51613	-123.343	659.527	-0.233	843.013	3
4.67742	-118.431	656.131	0.682	811.718	3
4.83871	-113.657	628.039	-1.0718	730.049	3
5	-109.838	613.43	0.755	739.126	3
0	-512	0	-256	0	4
0.16129	-512	0	-256	0	4
0.322581	-512	0	-256	0	4
0.483871	-512	0	-256	0	4
0.645161	-511.996	0.031984	-255.999	0.001999	4
0.806452	-511.89	0.877588	-255.973	0.0548492	4
0.967742	-511.451	4.45402	-255.861	0.291823	4
1.12903	-510.025	16.8922	-255.487	1.20584	4
1.29032	-507.049	41.4752	-254.694	3.16809	4
1.45161	-501.714	90.5006	-253.206	7.58716	4
1.6129	-493.147	175.526	-250.643	17.9382	4
1.77419	-478.974	321.388	-246.007	43.1895	4
1.93548	-457.244	610.644	-237.362	169.207	4
2.09677	-427	1079.15	-223.289	450.248	4
2.25806	-378.106	1766.58	180.35	5590.93	4
2.41935	-316.751	1947.43	18.43	19740.4	4
2.58065	-268.84	1337.55	-8.4184	8869.08	4
2.74194	-240.754	1120.86	1.3782	5153.48	4
2.90323	-219.163	987.13	2.5152	3674.87	4
3.06452	-203.364	881.077	-1.6788	2698.21	4
3.22581	-189.232	837.983	-2.739	2288.06	4
3.3871	-176.028	800.83	0.2272	1697.77	4
3.54839	-165.375	760.438	0.5586	1520.51	4
3.70968	-156.304	717.954	0.5176	1308.52	4
3.87097	-148.564	724.18	-0.2456	1150.02	4
4.03226	-141.522	693.522	-0.7546	1095.62	4
4.19355	-135.068	690.008	-0.7502	983.138	4
4.35484	-128.4	676.104	-0.0974	948.113	4
4.51613	-123.186	648.832	-0.3044	867.259	4
4.67742	-118.306	649.759	-0.1242	837.006	4
4.83871	-113.038	624.039	0.4118	756.444	4
5	-109.586	632.453	-1.0616	709.101	4
0	-512	0	-256	0	5
0.16129	-512	0	-256	0	5
0.322581	-512	0	-256	0	5
0.483871	-512	0	-256	0	5
0.645161	-511.994	0.051159	-255.998	0.00319744	5
0.806452	-511.897	0.81495	-255.974	0.0509344	5
0.967742	-511.392	5.07465	-255.846	0.332961	5
1.12903	-510.115	15.5771	-255.514	1.0764	5
1.29032	-507.327	40.5596	-254.765	3.10576	5
1.45161	-502	86.9152	-253.276	7.49913	5
1.6129	-492.946	180.445	-250.59	18.2985	5
1.77419	-478.99	318.434	-245.992	43.7867	5
1.93548	-458.182	579.829	-238.317	111.78	5
2.09677	-425.469	1060.47	-221.686	579.521	5
2.25806	-375.597	1817.59	11.648	36756.2	5
2.41935	-318.827	2095.52	-8.5344	21148.1	5
2.58065	-270.192	1430.95	5.4106	9594.35	5
2.74194	-241.702	1144.48	3.5944	5345.82	5
2.90323	-220.852	986.131	2.8526	3635.14	5
3.06452	-203.197	904.337	0.8534	2700.09	5
3.22581	-189.818	824.316	-3.3726	2255.01	5
3.3871	-177.394	807.326	1.2806	1761.13	5
3.54839	-166.417	758.879	-1.2144	1509.12	5
3.70968	-156.81	752.321	0.2058	1323.67	5
3.87097	-148.857	713.835	-1.0004	1182.73	5
4.03226	-140.967	699.96	0.3746	1074.49	5
4.19355	-134.569	681.392	0.1602	932.085	5
4.35484	-128.59	662.521	0.9308	890.974	5
4.51613	-122.757	643.965	-0.7092	859.642	5
4.67742	-118.626	648.594	-0.2892	804.895	5
4.83871	-114.477	636.14	0.3954	767.668	5
5	-109.803	625.408	-0.1202	725.536	5
0	-512	0	256	0	6
0.16129	-512	0	256	0	6
0.322581	-512	0	256	0	6
0.483871	-512	0	256	0	6
0.645161	-511.99	0.0767078	255.998	0.00479424	6
0.806452	-511.872	1.02212	255.968	0.064576	6
0.967742	-511.477	4.32028	255.867	0.283617	6
1.12903	-510.043	16.3278	255.497	1.12419	6
1.29032	-507.17	42.483	254.72	3.2584	6
1.45161	-502.028	87.8648	253.288	7.46563	6
1.6129	-492.672	186.114	250.487	19.3136	6
1.77419	-479.24	325.937	246.11	43.8694	6
1.93548	-457.658	583.595	237.956	115.551	6
2.09677	-424.111	1057.41	222.07	391.243	6
2.25806	-372.219	2015.07	58.0384	31938.1	6
2.41935	-314.18	1968.29	38.2154	18102.7	6
2.58065	-271.014	1459.59	25.2388	8857.96	6
2.74194	-242.66	1178.94	2.4282	5724.63	6
2.90323	-220.103	972.935	5.7484	3568.79	6
3.06452	-202.624	861.818	-0.17	2616.13	6
3.22581	-188.288	851.163	-1.2494	2087.95	6
3.3871	-176.811	803.905	0.1754	1842.79	6
3.54839	-165.602	757.339	-0.7288	1442.48	6
3.70968	-156.352	727.676	0.49	1254.39	6
3.87097	-149.266	720.879	0.6638	1177.39	6
4.03226	-141.396	705.853	0.8632	1117.44	6
4.19355	-134.856	670.271	-0.4716	938.142	6
4.35484	-128.734	686.233	-0.418	926.101	6
4.51613	-122.837	654.864	1.1494	849.792	6
4.67742	-118.596	641.168	0.0362	779.226	6
4.83871	-113.596	633.696	-0.3134	748.496	6
5	-109.908	623.265	-0.4456	729.998	6
0	-512	0	-256	0	7
0.16129	-512	0	-256	0	7
0.322581	-512	0	-256	0	7
0.483871	-512	0	-256	0	7
0.645161	-511.987	0.102236	-255.997	0.00638976	7
0.806452	-511.881	0.979487	-255.97	0.0639	7
0.967742	-511.514	4.05462	-255.876	0.272174	7
1.12903	-510.093	15.7674	-255.507	1.11575	7
1.29032	-507.276	41.5238	-254.752	3.1407	7
1.45161	-502.027	88.1817	-253.265	7.87799	7
1.6129	-492.708	181.571	-250.505	19.1962	7
1.77419	-478.366	334.986	-245.814	44.012	7
1.93548	-459.043	551.997	-238.846	94.0634	7
2.09677	-426.449	1033.02	-222.827	428.705	7
2.25806	-377.197	1952.34	7.8166	37287.3	7
2.41935	-315.542	2144.22	22.556	19104.1	7
2.58065	-269.432	1478.36	5.6702	9032.64	7
2.74194	-240.503	1090.71	5.0784	5039.25	7
2.90323	-220.372	983.263	-2.131	3636.24	7
3.06452	-203.711	905.243	-3.836	2696.17	7
3.22581	-189.08	850.27	-1.9948	2170.09	7
3.3871	-177.019	770.155	-0.781	1765.84	7
3.54839	-165.351	759.413	2.3596	1469.13	7
3.70968	-156.985	742.541	-1.2442	1316.53	7
3.87097	-148.607	710.39	-0.3044	1209.55	7
4.03226	-141.246	678.231	-0.8568	1089.4	7
4.19355	-134.407	665.146	-0.2684	968.093	7
4.35484	-128.653	685.277	0.0296	948.654	7
4.51613	-123.131	659.998	0.0182	873.236	7
4.67742	-118.191	631.375	-0.343	800.268	7
4.83871	-113.924	653.716	0.6518	789.703	7
5	-109.91	621.765	-0.612	729.526	7
