0	-2048	0	-1024	0	0
0.15748	-2048	0	-1024	0	0
0.314961	-2048	0	-1024	0	0
0.472441	-2048	0	-1024	0	0
0.629921	-2047.97	0.204145	-1023.99	0.012759	0
0.787402	-2047.65	2.87034	-1023.91	0.180761	0
0.944882	-2046.13	15.4744	-1023.52	1.02879	0
1.10236	-2041.72	51.9234	-1022.38	3.61685	0
1.25984	-2031.41	141.174	-1019.63	10.633	0
1.41732	-2011.6	325.442	-1014.12	27.857	0
1.5748	-1981.22	603.432	-1005.14	60.8479	0
1.73228	-1932.57	1096.54	-989.775	134.066	0
1.88976	-1859.25	2105.74	-963.4	369.386	0
2.04724	-1753.43	3441.16	-918.783	924.095	0
2.20472	-1575.54	7449.72	325.255	540041	0
2.3622	-1293.11	8563.81	-4.2358	194564	0
2.51969	-1115.16	5850.51	-9.7046	60381.7	0
2.67717	-1002.04	4728.55	9.9128	29630.1	0
2.83465	-911.986	4067.19	2.164	17011.3	0
2.99213	-838.812	3458.24	2.2922	10956.7	0
3.14961	-780.161	3425.25	-1.2234	9055.9	0
3.30709	-728.125	3319.83	1.072	7122.85	0
3.46457	-683.84	3174.42	0.8106	6306.92	0
3.62205	-645.908	3035.59	-3.4044	5847.31	0
3.77953	-613.724	2958.29	-0.8126	5047.84	0
3.93701	-582.197	2854	1.2606	4637.38	0
4.09449	-555.294	2779.2	0.8716	4250.96	0
4.25197	-530.612	2696.01	-0.9542	4039.33	0
4.40945	-507.235	2664.23	-2.1546	3542.95	0
4.56693	-487.045	2634.9	-0.9058	3443.18	0
4.72441	-467.996	2510.88	-1.8644	3167.38	0
4.88189	-451.606	2584.6	0.1062	2990.29	0
5.03937	-434.416	2437	2.8424	2862.83	0
5.19685	-420.234	2467.82	-1.0452	2821.69	0
5.35433	-404.386	2391.99	0.7138	2626.84	0
5.51181	-391.991	2409.75	1.1568	2555.88	0
5.66929	-380.789	2378.79	-0.0484	2485.64	0
5.82677	-368.411	2362.08	0.5752	2368.4	0
5.98425	-359.837	2360.41	-1.2446	2243.2	0
6.14173	-349.035	2347.7	0.675	2270.79	0
6.29921	-339.32	2344.62	-0.613	2261.16	0
6.45669	-329.85	2299.99	0.2078	2193.62	0
6.61417	-322.392	2302.57	-0.115	2131.58	0
6.77165	-314.21	2318.04	1.1588	2053.89	0
6.92913	-306.172	2304.75	0.1154	2092.64	0
7.08661	-298.557	2227.14	1.02	2026.25	0
7.24409	-292.44	2267.33	0.683	1912.05	0
7.40157	-285.168	2253.43	-0.9848	1950.7	0
7.55906	-279.684	2273.37	-0.3972	1913.41	0
7.71654	-273.174	2205.95	0.308	1848.91	0
7.87402	-267.56	2238.36	0.062	1818.87	0
8.0315	-261.573	2193.59	0.9126	1791.29	0
8.18898	-257.416	2257.77	-0.1554	1759.82	0
8.34646	-251.281	2232.64	0.0754	1838.51	0
8.50394	-246.444	2195.85	0.1396	1716.59	0
8.66142	-241.167	2187.29	0.1616	1749.96	0
8.8189	-238.227	2200.12	0.0162	1720.29	0
8.97638	-232.911	2130.98	0.1492	1673.59	0
9.13386	-228.925	2106.66	0.407	1702.27	0
9.29134	-223.549	2169.57	-0.7092	1697.47	0
9.44882	-222.248	2159.89	0.2992	1652.71	0
9.6063	-217.064	2152.94	-0.0482	1627.79	0
9.76378	-213.298	2136.6	-0.02	1609.48	0
9.92126	-210.56	2161.68	1.2328	1627.06	0
10.0787	-206.674	2166.29	-0.3416	1624.22	0
10.2362	-203.538	2124.13	-0.3316	1600.36	0
10.3937	-200.524	2155	-0.886	1568.26	0
10.5512	-197.297	2118.37	0.8412	1572.71	0
10.7087	-193.23	2131.69	-1.0756	1525.1	0
10.8661	-191.374	2133.05	0.5114	1548.35	0
11.0236	-188.868	2125.61	0.762	1542.32	0
11.1811	-186.092	2149.02	-0.0554	1538.49	0
11.3386	-183.319	2144.86	-0.5576	1503.52	0
11.4961	-180.363	2145.89	-0.6758	1458.31	0
11.6535	-178.439	2115.31	0.1234	1494.53	0
11.811	-174.59	2094.48	0.8576	1476.83	0
11.9685	-173.734	2120.45	-0.5138	1492.55	0
12.126	-171.072	2128.18	0.3898	1463.1	0
12.2835	-168.241	2115.39	-0.0402	1431.52	0
12.4409	-166.271	2127.14	0.187	1471.4	0
12.5984	-163.31	2164.57	-0.2916	1449.79	0
12.7559	-162.131	2138.85	1.2488	1461.26	0
12.9134	-159.694	2107.87	0.0474	1435.79	0
13.0709	-158.023	2101.21	-0.2422	1408.25	0
13.2283	-156.251	2079.9	0.4486	1437.09	0
13.3858	-153.58	2088.46	0.008	1411.26	0
13.5433	-153.021	2140.19	0.192	1370.46	0
13.7008	-150.615	2066.37	-0.2618	1404.06	0
13.8583	-148.908	2098.4	-0.8816	1408.06	0
14.0157	-147.394	2123.01	-0.7752	1385.44	0
14.1732	-145.78	2110.6	0.312	1384.56	0
14.3307	-144.416	2112.35	0.634	1361.99	0
14.4882	-142.469	2111.88	-0.0546	1381.09	0
14.6457	-140.22	2067.78	-0.2766	1382.71	0
14.8031	-139.373	2120.78	0.5428	1401.15	0
14.9606	-137.673	2073.75	0.792	1351.28	0
15.1181	-136.524	2138.64	-0.4318	1347.83	0
15.2756	-134.946	2113.98	0.4836	1362.86	0
15.4331	-133.317	2107.21	-0.4452	1353.55	0
15.5906	-132.212	2046.18	-0.196	1313.67	0
15.748	-130.521	2086.48	-0.1336	1372.38	0
15.9055	-131.07	2099.75	-0.5534	1331.69	0
16.063	-128.686	2119.15	0.5814	1328.82	0
16.2205	-126.927	2120.61	-1.0632	1351.14	0
16.378	-126.009	2093.76	0.003	1331.09	0
16.5354	-124.682	2038.04	-0.6408	1331.31	0
16.6929	-123.638	2076.72	-0.5514	1346.24	0
16.8504	-122.855	2022.56	-0.1166	1339.04	0
17.0079	-121.039	2105.68	0.8874	1305.19	0
17.1654	-121.093	2090.35	0.2016	1311.49	0
17.3228	-119.436	2114.07	-0.1888	1321.88	0
17.4803	-117.165	2083.68	-0.0608	1305.9	0
17.6378	-116.237	2094.79	-1.042	1309.89	0
17.7953	-115.715	2093.25	0.3568	1307.54	0
17.9528	-114.872	2076.64	0.797	1321.28	0
18.1102	-113.468	2049.41	0.1098	1322.18	0
18.2677	-113.242	2120.07	0.2556	1283.01	0
18.4252	-112.514	2032.65	0.5154	1277.98	0
18.5827	-110.192	2129.72	0.8668	1311.83	0
18.7402	-109.897	2034.55	-0.4108	1266.24	0
18.8976	-109.087	2059.9	0.5302	1263.44	0
19.0551	-107.591	2103.73	0.322	1291.22	0
19.2126	-107.211	2065.92	-0.149	1291.74	0
19.3701	-106.701	2052.64	0.6072	1295.92	0
19.5276	-104.764	2016.91	0.276	1286.21	0
19.685	-104.578	2071.85	0.3022	1259.14	0
19.8425	-103.822	2049.66	0.078	1268.9	0
20	-101.663	2091.65	-0.0074	1260.37	0
0	-2048	0	-1024	0	1
0.15748	-2048	0	-1024	0	1
0.314961	-2048	0	-1024	0	1
0.472441	-2048	0.00639936	-1024	0.00039996	1
0.629921	-2047.98	0.172333	-1023.99	0.0107708	1
0.787402	-2047.71	2.4112	-1023.93	0.154642	1
0.944882	-2046.14	15.5153	-1023.53	1.01696	1
1.10236	-2042	49.3952	-1022.46	3.40935	1
1.25984	-2031.73	140.601	-1019.72	10.6792	1
1.41732	-2012.99	314.317	-1014.51	26.9883	1
1.5748	-1980.58	609.241	-1004.97	61.6489	1
1.73228	-1932.98	1115.87	-989.98	133.999	1
1.88976	-1859.51	1974.17	-963.728	342.598	1
2.04724	-1751.6	3454.36	-916.752	1065.85	1
2.20472	-1575.37	8200.29	-786.559	16588	1
2.3622	-1285.05	7848.27	-60.0532	168570	1
2.51969	-1112.63	5412.43	-13.5794	51834.7	1
2.67717	-1001.73	4686.57	2.9326	27123.1	1
2.83465	-914.817	4196.61	12.672	16153	1
2.99213	-840.576	3666.34	-6.6918	12132.4	1
3.14961	-779.546	3507.38	0.649	9312.16	1
3.30709	-727.795	3169.22	2.5674	7585.62	1
3.46457	-685.79	3155.73	0.265	6347.63	1
3.62205	-645.424	3054.25	-1.1546	5641.73	1
3.77953	-613.106	2873.61	4.342	5201.97	1
3.93701	-581.909	2863.59	0.5036	4674.14	1
4.09449	-553.847	2693.16	4.7452	4026.28	1
4.25197	-529.899	2652.75	-2.0548	3884.32	1
4.40945	-507.926	2619.79	-0.6648	3621.32	1
4.56693	-487.309	2654.76	-0.49	3420.15	1
4.72441	-467.084	2628.31	0.6596	3183.26	1
4.88189	-450.686	2562.68	-1.332	2944.34	1
5.03937	-433.97	2549.03	-0.7432	2954.37	1
5.19685	-419.902	2425.85	0.5138	2889.39	1
5.35433	-405.31	2460.07	-0.4522	2759.66	1
5.51181	-393.131	2401.29	-0.2228	2584.75	1
5.66929	-379.722	2356.82	-1.2004	2507.67	1
5.82677	-368.066	2424.24	0.7712	2463.28	1
5.98425	-359.131	2357.92	0.1814	2275.81	1
6.14173	-348.844	2391.55	0.3824	2292.18	1
6.29921	-339.13	2363.19	0.2966	2270.46	1
6.45669	-331.154	2308.25	-0.9912	2160.64	1
6.61417	-321.946	2318.48	-0.6784	2133.43	1
6.77165	-313.717	2319.67	-0.1382	2114.79	1
6.92913	-306.061	2337.09	-0.1158	2086.64	1
7.08661	-298.68	2219.28	0.2022	2004.95	1
7.24409	-292.651	2229.15	0.5894	1989.7	1
7.40157	-284.665	2281.25	0.1768	1939.35	1
7.55906	-279.454	2248.8	-0.4536	1844.81	1
7.71654	-272.829	2204.94	0.752	1877.43	1
7.87402	-267.044	2200.36	0.895	1893	1
8.0315	-261.698	2220.21	0.371	1838.05	1
8.18898	-257.118	2165.09	-0.4396	1838.9	1
8.34646	-251.587	2216.64	0.8546	1782.57	1
8.50394	-246.713	2129.57	-1.0904	1697.5	1
8.66142	-240.946	2177.3	1.357	1747.53	1
8.8189	-237.827	2151.64	0.052	1714.54	1
8.97638	-232.808	2224.18	-1.0564	1681.09	1
9.13386	-228.986	2174.54	-0.2756	1723.96	1
9.29134	-224.794	2176.44	-0.2572	1694.12	1
9.44882	-220.114	2181.6	-1.2474	1598.08	1
9.6063	-216.897	2168.42	-0.9976	1653.38	1
9.76378	-213.816	2165.12	0.2918	1617.55	1
9.92126	-209.946	2170.37	-1.2554	1626.81	1
10.0787	-206.386	2123.98	0.3302	1537.87	1
10.2362	-202.364	2163.13	0.8658	1604.98	1
10.3937	-199.152	2146.78	-0.1608	1573.97	1
10.5512	-196.41	2153.54	0.6226	1559.32	1
10.7087	-193.484	2117.16	-0.7094	1548.38	1
10.8661	-191.636	2127.44	0.0296	1529.98	1
11.0236	-188.833	2091.16	-1.0308	1510.48	1
11.1811	-186.242	2172.52	0.2896	1496.9	1
11.3386	-182.656	2087.95	0.2566	1510.55	1
11.4961	-181.094	2123.39	-0.7038	1488.35	1
11.6535	-178.698	2039.07	0.2284	1464.16	1
11.811	-174.912	2183.97	-0.1686	1499.61	1
11.9685	-172.802	2172.95	0.3574	1441.02	1
12.126	-171.138	2093.84	0.3764	1485.03	1
12.2835	-168.643	2117.75	0.8968	1453.75	1
12.4409	-166.563	2144.78	0.5818	1443.53	1
12.5984	-164.961	2103.36	-0.15	1433.67	1
12.7559	-161.838	2176.91	0.3192	1466.11	1
12.9134	-159.359	2088.28	-0.09	1449.49	1
13.0709	-158.071	2173.55	0.736	1457.71	1
13.2283	-156.306	2138.01	0.1348	1439.22	1
13.3858	-153.553	2079.37	-0.261	1396.72	1
13.5433	-152.203	2134.31	-0.6136	1380.82	1
13.7008	-150.743	2086.95	0.6228	1372.74	1
13.8583	-149.399	2172.15	0.3036	1391.74	1
14.0157	-147.354	2116.51	0.2586	1414.6	1
14.1732	-145.547	2147.54	-0.9792	1386.52	1
14.3307	-144.254	2105.11	-0.0366	1409.4	1
14.4882	-142.486	2087.58	-0.541	1413.38	1
14.6457	-140.965	2080.21	0.2014	1353.22	1
14.8031	-139.298	2045.03	-0.2562	1366.7	1
14.9606	-138.042	2111.72	0.049	1389.58	1
15.1181	-135.794	2070.18	0.4182	1380.4	1
15.2756	-135.418	2072.92	0.8528	1316.49	1
15.4331	-133.786	2089.9	0.3362	1323.4	1
15.5906	-132.841	2114.53	1.1504	1351.31	1
15.748	-131.332	2077.3	0.0572	1351.49	1
15.9055	-130.641	2078.47	-1.2014	1333.24	1
16.063	-129.316	2096.72	-0.4272	1338.25	1
16.2205	-126.968	2063.3	1.027	1311.88	1
16.378	-125.538	2033.23	0.5138	1332.73	1
16.5354	-123.469	2074.91	-0.2586	1361.45	1
16.6929	-122.911	2043.43	0.0838	1355.05	1
16.8504	-122.275	2079.13	-0.0824	1323.04	1
17.0079	-122.082	2111.39	-0.1476	1309.45	1
17.1654	-120.401	2086.87	-0.341	1301.27	1
17.3228	-119.62	2029.09	-0.381	1321.49	1
17.4803	-117.022	2111.75	-0.0052	1304.76	1
17.6378	-116.703	2069.63	-0.2916	1284.17	1
17.7953	-116.614	2073.91	0.4646	1303.92	1
17.9528	-114.756	2062.33	-0.0868	1308.46	1
18.1102	-113.226	2045.57	-0.2216	1305.27	1
18.2677	-111.94	2078.83	0.1072	1276.59	1
18.4252	-112.16	2046.22	-0.1832	1256.71	1
18.5827	-111.154	2049.87	-0.1804	1266.88	1
18.7402	-109.802	2124.41	-0.1736	1266.98	1
18.8976	-109.23	2065.48	0.1908	1285.99	1
19.0551	-109.085	2023.81	0.2052	1292.23	1
19.2126	-107.099	2059	-0.024	1263.81	1
19.3701	-106.644	2074.57	0.2138	1290.54	1
19.5276	-105.558	2065.25	-0.4348	1312.8	1
19.685	-104.528	2075.49	-0.0784	1288.32	1
19.8425	-103.637	2042.27	0.3732	1260.27	1
20	-102.859	2017.79	0.2594	1300.66	1
0	-2048	0	-1024	0	2
0.15748	-2048	0	-1024	0	2
0.314961	-2048	0	-1024	0	2
0.472441	-2048	0.00639936	-1024	0.00039996	2
0.629921	-2047.99	0.108615	-1024	0.00678844	2
0.787402	-2047.67	2.666	-1023.92	0.172777	2
0.944882	-2046.14	15.14	-1023.53	0.995071	2
1.10236	-2041.7	51.5961	-1022.38	3.60291	2
1.25984	-2031.73	137.726	-1019.73	10.3986	2
1.41732	-2012.8	303.915	-1014.48	25.8731	2
1.5748	-1981.51	615.944	-1005.23	63.006	2
1.73228	-1931.82	1180.96	-989.225	154.915	2
1.88976	-1859.21	2027.26	-963.192	375.064	2
2.04724	-1751.97	3504.07	-917.06	1086.05	2
2.20472	-1582.3	6396.95	-812.092	5265	2
2.3622	-1286.92	8784.48	88.908	185147	2
2.51969	-1118.66	5433.61	-5.4772	53940.5	2
2.67717	-1001.07	4470.3	8.031	28186.9	2
2.83465	-913.751	4032.64	1.0726	17112.3	2
2.99213	-838.547	3658.99	0.4868	11143.8	2
3.14961	-780.486	3490.33	-3.3786	9483.98	2
3.30709	-728.29	3258.77	2.4498	7179.29	2
3.46457	-684.5	3189.64	-1.6396	6465.03	2
3.62205	-646.326	2968.57	-4.6678	5635.65	2
3.77953	-611.154	2867.71	-0.46	4938.6	2
3.93701	-580.974	2786.62	1.6826	4435.92	2
4.09449	-554.456	2765.4	-0.6094	4259.68	2
4.25197	-529.928	2689.07	-1.9956	3802.2	2
4.40945	-506.939	2605.39	-1.5926	3549.22	2
4.56693	-487.634	2583.86	-3.5222	3306.37	2
4.72441	-469.396	2530.72	0.2736	3170.45	2
4.88189	-450.372	2592.16	0.6874	3002.74	2
5.03937	-436.403	2497.79	0.1468	2963.63	2
5.19685	-419.476	2483.76	-0.5282	2856.27	2
5.35433	-405.898	2409.18	1.4246	2701.81	2
5.51181	-392.372	2298.84	0.108	2630.46	2
5.66929	-380.624	2453.32	-0.631	2441.86	2
5.82677	-370.38	2339.61	0.529	2370.3	2
5.98425	-358.077	2388.52	0.2448	2384.07	2
6.14173	-348.385	2341.74	0.0346	2319.69	2
6.29921	-339.1	2358.08	0.3056	2281.56	2
6.45669	-330.196	2309.52	-0.4778	2210.38	2
6.61417	-322.71	2303.61	-1.4972	2167.99	2
6.77165	-313.718	2270.66	1.9012	2003.88	2
6.92913	-306.083	2325.22	0.049	2055.66	2
7.08661	-298.679	2263.21	0.4086	1982.32	2
7.24409	-292.12	2268.3	-0.4628	2022.1	2
7.40157	-285.187	2247.09	0.146	1922.05	2
7.55906	-279.458	2230.17	-0.0164	1866.51	2
7.71654	-272.846	2269.16	1.4688	1889.4	2
7.87402	-267.201	2209.16	-0.5494	1887.36	2
8.0315	-261.096	2213.05	1.1428	1838.58	2
8.18898	-255.688	2200.67	-0.1778	1810.13	2
8.34646	-251.148	2196.56	-0.61	1754.51	2
8.50394	-245.959	2209.53	0.2902	1740.92	2
8.66142	-241.513	2144.8	-0.7176	1751.63	2
8.8189	-237.212	2179.3	-0.2754	1713.12	2
8.97638	-232.75	2203.36	0.788	1692.64	2
9.13386	-227.955	2179.59	1.0686	1664.99	2
9.29134	-225.609	2147.31	-0.3332	1681.01	2
9.44882	-220.802	2207.02	-0.4502	1681.57	2
9.6063	-217.73	2176.06	0.0342	1645.71	2
9.76378	-213.246	2212.38	1.4566	1628.22	2
9.92126	-210.23	2134.22	-0.5164	1599.1	2
10.0787	-206.849	2137.91	0.328	1616.73	2
10.2362	-203.532	2156.5	-0.4766	1581.01	2
10.3937	-199.681	2076.77	0.6162	1573.95	2
10.5512	-196.285	2151.54	-0.931	1515.97	2
10.7087	-193.654	2103.55	0.505	1522.98	2
10.8661	-190.548	2103.05	-0.9416	1567.79	2
11.0236	-189.147	2127.36	0.2486	1514.79	2
11.1811	-185.361	2157.41	0.6138	1532.47	2
11.3386	-183.261	2156.54	-0.4188	1535.35	2
11.4961	-179.837	2115.2	0.2254	1511.01	2
11.6535	-179.068	2125.1	0.2274	1472.59	2
11.811	-176.81	2162.35	-0.4924	1481.21	2
11.9685	-172.488	2147	-0.4706	1453.75	2
12.126	-170.969	2120.21	0.239	1484.71	2
12.2835	-167.772	2126.57	-0.5858	1433.64	2
12.4409	-166.27	2095.84	-0.6682	1444.39	2
12.5984	-164.789	2131.71	-0.3782	1439.9	2
12.7559	-162.217	2104.05	-0.0568	1437.52	2
12.9134	-159.66	2091.07	-0.2442	1400.01	2
13.0709	-157.999	2156.4	-1.0302	1422.33	2
13.2283	-156.265	2119.1	-0.032	1426.27	2
13.3858	-154.804	2074.24	-0.1836	1439.58	2
13.5433	-153.231	2111.3	0.6718	1394.6	2
13.7008	-150.272	2096.8	0.421	1388.42	2
13.8583	-149.254	2102.51	-0.0406	1351.83	2
14.0157	-147.301	2053.43	-0.8194	1396.03	2
14.1732	-145.761	2107.26	0.0778	1393.94	2
14.3307	-143.486	2110.55	-0.0926	1341.08	2
14.4882	-142.468	2101.27	-0.0138	1363.24	2
14.6457	-141.589	2141.25	0.2516	1343.98	2
14.8031	-140.078	2093.87	-0.3546	1368.31	2
14.9606	-138.585	2122.02	-0.0336	1402.31	2
15.1181	-136.092	2009.86	0.779	1370.47	2
15.2756	-134.008	2084.11	-0.3282	1347.75	2
15.4331	-133.715	2093.29	0.0538	1362.46	2
15.5906	-132.24	2116.55	0.1454	1316.34	2
15.748	-130.512	2068.41	0.9424	1292.77	2
15.9055	-129.075	2139.69	0.4732	1339.4	2
16.063	-129.116	2072.39	0.2246	1357.42	2
16.2205	-126.476	2056.88	-0.2662	1367.95	2
16.378	-125.371	2106.45	0.0452	1324.54	2
16.5354	-123.987	2100.15	1.1298	1311.9	2
16.6929	-122.84	2100.39	0.0068	1333.8	2
16.8504	-122.247	2057.76	0.7852	1303.16	2
17.0079	-121.119	2078.93	0.3306	1318.39	2
17.1654	-119.924	2057.66	-0.1222	1306.21	2
17.3228	-118.804	2072.18	0.1392	1303.45	2
17.4803	-117.992	2064.73	0.6214	1293.04	2
17.6378	-116.987	2096.16	0.2924	1287.14	2
17.7953	-115.12	2059.52	0.217	1252.51	2
17.9528	-115.556	2081.49	0.9396	1308.44	2
18.1102	-113.504	2081.57	0.2608	1271.59	2
18.2677	-113.041	2071.71	-1.2932	1288.4	2
18.4252	-111.461	2065.47	-0.701	1259.99	2
18.5827	-110.596	2005.28	0.1376	1298.35	2
18.7402	-109.895	2058.93	0.877	1276.74	2
18.8976	-108.958	2101.39	0.2734	1261.14	2
19.0551	-107.49	2125.39	0.7428	1274.91	2
19.2126	-106.846	2064.21	0.1646	1292.07	2
19.3701	-105.702	2079.21	-0.6354	1281.52	2
19.5276	-105.964	2069.81	-0.2754	1272.59	2
19.685	-104.292	2144.24	-0.2508	1288.87	2
19.8425	-103.845	2077.07	-0.1758	1256.77	2
20	-102.746	2091.16	0.333	1250.93	2
0	-2048	0	-1024	0	3
0.15748	-2048	0	-1024	0	3
0.314961	-2048	0	-1024	0	3
0.472441	-2048	0	-1024	0	3
0.629921	-2047.97	0.210503	-1023.99	0.0131564	3
0.787402	-2047.68	2.58865	-1023.92	0.164927	3
0.944882	-2046.19	15.1077	-1023.54	0.984919	3
1.10236	-2041.7	53.283	-1022.38	3.70662	3
1.25984	-2031.72	140.965	-1019.72	10.6146	3
1.41732	-2012.57	311.986	-1014.39	26.4947	3
1.5748	-1981.47	630.149	-1005.25	62.8757	3
1.73228	-1931.37	1146.74	-989.188	145.452	3
1.88976	-1857.51	2027.91	-961.829	424.759	3
2.04724	-1748.27	3418.36	-914.141	1143.16	3
2.20472	-1571.75	7282.34	-797.068	7926.73	3
2.3622	-1294.19	8955.77	-77.3288	192068	3
2.51969	-1116.13	5547.77	12.3958	51044.3	3
2.67717	-1003.88	4716.01	-9.686	30858.6	3
2.83465	-911.485	4042.73	-0.9334	16175.4	3
2.99213	-840.289	3788.74	6.77	12868.3	3
3.14961	-780.008	3503.99	1.8026	9188.52	3
3.30709	-729.256	3311.62	6.7538	7289.95	3
3.46457	-685.579	3151.38	2.395	6179.78	3
3.62205	-646.81	2993.88	-0.8764	5740.81	3
3.77953	-611.275	2805.65	-0.6886	4872.79	3
3.93701	-581.55	2808.05	0.5538	4451.37	3
4.09449	-554.713	2745.25	-0.514	4192.01	3
4.25197	-530.022	2730.29	-0.7072	3843.66	3
4.40945	-506.69	2644.87	1.6362	3522.79	3
4.56693	-486.769	2582.25	-3.841	3359.19	3
4.72441	-468.436	2583.88	1.7734	3274.22	3
4.88189	-451.105	2602.53	-0.165	2964.18	3
5.03937	-434.91	2522.08	0.0066	2829.37	3
5.19685	-419.466	2472.14	1.0112	2691.98	3
5.35433	-405.992	2497.7	1.3986	2617.54	3
5.51181	-393.612	2412.84	1.0366	2557.31	3
5.66929	-381.054	2348.47	-2.0212	2502.62	3
5.82677	-368.925	2351.66	0.3644	2442.82	3
5.98425	-358.467	2351.18	-0.4716	2373.65	3
6.14173	-348.805	2306.17	-0.7248	2254.43	3
6.29921	-339.758	2342.17	-1.1062	2220.26	3
6.45669	-330.002	2320.35	-0.4946	2203.25	3
6.61417	-321.627	2347.24	0.612	2152.72	3
6.77165	-314.582	2236.55	2.1318	2069.68	3
6.92913	-305.335	2283.76	-0.016	2079.6	3
7.08661	-298.687	2220.08	0.6036	2007.72	3
7.24409	-292.465	2252.96	0.6964	1971.62	3
7.40157	-285.383	2183	-0.4404	1970.83	3
7.55906	-278.816	2270.92	0.355	1930.34	3
7.71654	-271.87	2185.82	0.2516	1861.57	3
7.87402	-266.863	2242.33	0.5112	1833.99	3
8.0315	-261.056	2265.34	1.0132	1789.23	3
8.18898	-255.934	2208.04	-0.0186	1810.81	3
8.34646	-251.445	2177.46	-0.7444	1805.3	3
8.50394	-246.666	2183.42	-1.5154	1741.5	3
8.66142	-241.321	2190.18	0.5788	1718.01	3
8.8189	-236.816	2175.73	-1.0044	1690.93	3
8.97638	-233.049	2176.35	-0.0896	1689.58	3
9.13386	-228.578	2215.02	0.6878	1686.46	3
9.29134	-224.75	2102.94	0.5494	1659.15	3
9.44882	-220.764	2157.83	0.1312	1615.15	3
9.6063	-216.82	2192.14	-0.2836	1652.92	3
9.76378	-212.446	2210.06	-0.2256	1635.61	3
9.92126	-209.719	2165.26	0.483	1598.73	3
10.0787	-206.312	2086.77	-0.1248	1593.75	3
10.2362	-203.134	2102.36	0.3894	1592.76	3
10.3937	-199.776	2172.03	0.269	1585.23	3
10.5512	-196.944	2134.25	-0.9764	1536.15	3
10.7087	-194.855	2134.58	-0.0774	1504.88	3
10.8661	-191.312	2109.15	0.7808	1550.71	3
11.0236	-188.486	2193.55	0.7436	1508.07	3
11.1811	-186.078	2114.18	0.597	1573.64	3
11.3386	-183.255	2134.09	0.1802	1519.64	3
11.4961	-180.048	2151.8	-0.361	1504.96	3
11.6535	-178.316	2076.83	-0.7224	1502.77	3
11.811	-175.47	2122.3	-0.182	1473.69	3
11.9685	-173.282	2087.57	-0.5218	1498.98	3
12.126	-171.335	2113	-0.5048	1496.4	3
12.2835	-168.7	2107.8	0.0428	1475.98	3
12.4409	-166.414	2082.47	0.4268	1439.99	3
12.5984	-163.883	2152.17	0.4346	1459.21	3
12.7559	-162.161	2139.61	-0.1846	1438.6	3
12.9134	-159.524	2103.25	0.426	1480.82	3
13.0709	-158.203	2116.63	-0.7786	1439.63	3
13.2283	-156.492	2132.5	0.127	1447.06	3
13.3858	-154.547	2096.83	-1.1666	1423.27	3
13.5433	-152.69	2103.29	-0.2228	1423.38	3
13.7008	-150.49	2127.03	0.0782	1390.5	3
13.8583	-149.378	2066.55	0.382	1402.65	3
14.0157	-147.216	2079.33	-0.726	1377.96	3
14.1732	-145.817	2053.85	-0.1234	1393.63	3
14.3307	-143.786	2084.5	-0.06	1396.19	3
14.4882	-142.188	2120.29	0.797	1359.14	3
14.6457	-140.314	2111.9	-0.2694	1373.34	3
14.8031	-138.978	2100.64	-0.0602	1360.41	3
14.9606	-137.751	2149.9	0.6488	1328.1	3
15.1181	-136.134	2060.93	-0.4964	1350.87	3
15.2756	-135.216	2080.77	-0.9422	1324.49	3
15.4331	-133.198	2083.91	0.2116	1345.06	3
15.5906	-132.67	2097.18	0.4082	1354.44	3
15.748	-130.332	2082.13	0.2112	1357.98	3
15.9055	-129.749	2092.6	-0.021	1383.02	3
16.063	-128.214	2081.46	0.3088	1398.32	3
16.2205	-126.96	2045.11	-0.0232	1318.61	3
16.378	-126.304	2077.95	-0.0246	1309.44	3
16.5354	-124.798	2102.85	-0.8424	1356.45	3
16.6929	-123.119	2112.87	-0.0998	1285.36	3
16.8504	-122.388	2065.8	0.2406	1315.87	3
17.0079	-119.515	2084.58	0.3842	1303.57	3
17.1654	-119.7	2095.22	-1.0286	1287.98	3
17.3228	-119.062	2131.34	-0.1292	1298.78	3
17.4803	-118.159	2032.34	0.5556	1306.01	3
17.6378	-117.289	2036.12	-0.6646	1312.85	3
17.7953	-116.082	2024.23	-0.9202	1274.09	3
17.9528	-114.711	2119.92	-0.2788	1299.38	3
18.1102	-113.733	2090.47	-0.2006	1294.7	3
18.2677	-112.742	2125.2	-0.0208	1322.73	3
18.4252	-111.859	2091.97	0.3408	1282.21	3
18.5827	-110.009	2054.27	0.444	1306.4	3
18.7402	-110.174	2077.24	-0.1024	1271.05	3
18.8976	-108.778	2071.07	-0.122	1248.18	3
19.0551	-108.6	2109.66	0.9454	1298.92	3
19.2126	-107.574	2054.18	0.6376	1274.69	3
19.3701	-106.232	2063.24	-0.4868	1269.09	3
19.5276	-105.5	2126.65	-0.6908	1269.17	3
19.685	-104.03	2088.91	-1.0204	1303.21	3
19.8425	-104.264	2069.97	0.5076	1269.54	3
20	-102.849	2023.51	-0.0142	1259.12	3
0	-2048	0	1024	0	4
0.15748	-2048	0	1024	0	4
0.314961	-2048	0	1024	0	4
0.472441	-2048	0.00639936	1024	0.00039996	4
0.629921	-2047.96	0.286704	1023.99	0.017919	4
0.787402	-2047.69	2.54755	1023.92	0.163327	4
0.944882	-2046.27	13.701	1023.56	0.908224	4
1.10236	-2041.64	52.7949	1022.37	3.63262	4
1.25984	-2031.27	143.676	1019.6	10.8918	4
1.41732	-2012.91	320.47	1014.48	27.1312	4
1.5748	-1980.91	614.836	1005.1	61.4413	4
1.73228	-1931.2	1104.56	989.231	138.314	4
1.88976	-1858.55	1943.52	963.093	342.942	4
2.04724	-1754.24	3420.88	918.771	950.113	4
2.20472	-1580.8	6572.31	804.158	6678.78	4
2.3622	-1299.49	9376.97	-302.308	118832	4
2.51969	-1115.67	5349.36	-45.415	58851.2	4
2.67717	-1001.3	4634.69	27.6428	29492.5	4
2.83465	-913.084	3985.43	1.0636	17862.7	4
2.99213	-839.685	3628.72	6.8134	12288.5	4
3.14961	-781.905	3463.8	3.1904	10098.8	4
3.30709	-728.43	3238.81	-2.0542	7712.12	4
3.46457	-684.377	3223.94	-1.947	6588.79	4
3.62205	-646.994	3004.35	-3.9934	5560.23	4
3.77953	-611.092	2912.31	0.0232	5001.46	4
3.93701	-582.46	2813.5	0.8448	4464.91	4
4.09449	-555.439	2809.84	1.4538	4097.17	4
4.25197	-530.353	2747.01	2.5516	3867.87	4
4.40945	-506.697	2611.02	-1.4134	3687.39	4
4.56693	-487.36	2646.13	-0.2504	3475.16	4
4.72441	-467.765	2595	-1.9152	3238.98	4
4.88189	-450.63	2513.17	-0.4028	3033.53	4
5.03937	-434.915	2534.86	-0.6652	2881.06	4
5.19685	-418.989	2473.38	0.9412	2850.4	4
5.35433	-405.067	2444.85	0.205	2639.14	4
5.51181	-392.342	2367.54	0.6926	2617.02	4
5.66929	-380.792	2319.37	0.553	2522.07	4
5.82677	-369.103	2400.52	-0.2952	2371.06	4
5.98425	-358.244	2361.85	0.648	2227.56	4
6.14173	-347.897	2340.33	0.6102	2286.23	4
6.29921	-339.261	2326.43	0.8394	2235.34	4
6.45669	-330.784	2303.9	-0.439	2186.93	4
6.61417	-322.031	2269.23	1.0222	2090.83	4
6.77165	-313.316	2265.62	0.1956	2071.67	4
6.92913	-306.205	2270.93	0.7754	2034.45	4
7.08661	-297.874	2242.4	0.2018	2046.02	4
7.24409	-292.476	2263.53	0.029	2015.72	4
7.40157	-285.174	2262.4	0.8506	1919.13	4
7.55906	-280.002	2263.36	0.5402	1897.83	4
7.71654	-272.31	2175.67	-0.582	1907.41	4
7.87402	-267.364	2265.68	1.34	1891.51	4
8.0315	-261.018	2210.89	-0.1606	1798.59	4
8.18898	-256.299	2214.31	-0.4292	1787.74	4
8.34646	-252.479	2215.96	0.2808	1787.82	4
8.50394	-245.93	2156.26	-0.311	1789.64	4
8.66142	-241.959	2212.02	0.6972	1715.55	4
8.8189	-236.739	2243.42	-0.2942	1749.71	4
8.97638	-233.04	2183.72	0.205	1667.57	4
9.13386	-228.603	2154.73	0.0792	1659.57	4
9.29134	-225.051	2163.45	-0.4842	1717.43	4
9.44882	-221.205	2182.84	0.0642	1632.47	4
9.6063	-217.541	2197.52	0.412	1627.99	4
9.76378	-213.76	2169.5	0.7168	1633.57	4
9.92126	-209.96	2119.72	-0.092	1609.1	4
10.0787	-207.19	2188.24	-0.0342	1577	4
10.2362	-204.01	2119.76	-0.685	1595.18	4
10.3937	-198.971	2123.56	0.558	1566.41	4
10.5512	-196.587	2098.88	0.54	1559.47	4
10.7087	-194.442	2152.71	0.09	1582.56	4
10.8661	-190.258	2199.5	-0.7474	1546.62	4
11.0236	-187.876	2167.76	-0.36	1498.98	4
11.1811	-185.671	2181.61	-0.6778	1524.88	4
11.3386	-182.444	2125.01	-1.0448	1472.93	4
11.4961	-181.029	2103.17	-0.3152	1497.42	4
11.6535	-177.35	2081.04	0.0326	1481.36	4
11.811	-175.962	2077.02	0.8598	1460.87	4
11.9685	-173.375	2199.07	0.5762	1473.41	4
12.126	-169.982	2056.74	0.3012	1482.65	4
12.2835	-167.907	2114	1.0752	1437.12	4
12.4409	-166.186	2120.04	0.3234	1473.11	4
12.5984	-163.482	2127.42	-1.1004	1453.72	4
12.7559	-162.63	2149.07	-0.633	1430.47	4
12.9134	-160.279	2082.14	-0.065	1430.12	4
13.0709	-159.284	2134.38	-0.2226	1429.45	4
13.2283	-157.066	2132.81	0.1498	1469.18	4
13.3858	-154.472	2155.21	-0.28	1408.74	4
13.5433	-152.513	2106	-0.3784	1404.98	4
13.7008	-150.94	2097.31	-0.4786	1410.89	4
13.8583	-149.152	2097.78	0.1436	1390.73	4
14.0157	-148.061	2109.89	-0.277	1386.88	4
14.1732	-145.834	2120.96	-0.242	1405.57	4
14.3307	-143.665	2129.48	-0.1686	1383.28	4
14.4882	-142.406	2105.95	-0.0178	1355.48	4
14.6457	-140.79	2130.72	0.3476	1357.88	4
14.8031	-139.11	2099.62	-0.4796	1357.29	4
14.9606	-137.6	2118.03	0.1386	1332.33	4
15.1181	-136.161	2163.96	0.5694	1337.22	4
15.2756	-135.73	2099.26	-0.8006	1337.24	4
15.4331	-133.246	2098.26	0.2082	1378.67	4
15.5906	-132.452	2078.53	-0.248	1375.34	4
15.748	-130.98	2043.73	-0.8116	1354.33	4
15.9055	-130.158	2082.57	0.4162	1319.65	4
16.063	-128.254	2107.74	0.1148	1361.2	4
16.2205	-127.545	2065.97	-0.2854	1346.85	4
16.378	-126.275	2078.1	-0.2414	1329.58	4
16.5354	-124.738	2087.49	-0.0584	1362.97	4
16.6929	-123.457	2073	0.3304	1351.68	4
16.8504	-121.708	2074.52	-0.0286	1327.97	4
17.0079	-120.234	2143.74	0.7734	1335.93	4
17.1654	-119.216	2138.62	0.2012	1345.74	4
17.3228	-118.241	2085.84	0.0058	1311.35	4
17.4803	-117.895	2061.77	-0.4014	1296.03	4
17.6378	-117.553	2095.67	1.2384	1287.07	4
17.7953	-115.198	2052.34	-0.203	1297	4
17.9528	-113.541	2097.67	0.535	1308.7	4
18.1102	-113.456	2064.7	-0.8424	1299.24	4
18.2677	-111.53	2091.86	-0.3232	1292.52	4
18.4252	-112.262	2093.89	0.2418	1307	4
18.5827	-110.824	2058.61	0.1462	1295.13	4
18.7402	-109.808	2055.8	0.2884	1257.82	4
18.8976	-109.456	2043.46	0.761	1285.44	4
19.0551	-107.907	2059.34	0.357	1262.68	4
19.2126	-106.538	2069.29	-0.3174	1227.29	4
19.3701	-106.412	2091.93	0.5116	1281.76	4
19.5276	-104.865	2092.33	0.5456	1257.68	4
19.685	-104.297	2060.01	-0.7148	1236.43	4
19.8425	-104.166	2095.68	0.3788	1265.01	4
20	-103.834	2079.74	0.2606	1276.28	4
0	-2048	0	1024	0	5
0.15748	-2048	0	1024	0	5
0.314961	-2048	0	1024	0	5
0.472441	-2048	0	1024	0	5
0.629921	-2047.97	0.210503	1023.99	0.0131564	5
0.787402	-2047.67	2.76818	1023.92	0.180443	5
0.944882	-2046.16	15.1346	1023.54	0.988547	5
1.10236	-2041.85	52.1784	1022.42	3.61498	5
1.25984	-2031.59	139.697	1019.68	10.5638	5
1.41732	-2012.46	311.991	1014.41	25.5757	5
1.5748	-1981.97	603.756	1005.42	59.686	5
1.73228	-1930.34	1123.9	988.918	143.497	5
1.88976	-1858.69	1997.31	963.319	342.162	5
2.04724	-1749.82	3641.26	915.615	1124.96	5
2.20472	-1568.67	7857.26	775.142	26001.1	5
2.3622	-1294.5	8639.53	227.194	153987	5
2.51969	-1110.9	5566.94	-33.2624	50372.5	5
2.67717	-999.585	4430.74	9.6688	24540.9	5
2.83465	-910.332	4248.15	5.292	16962.4	5
2.99213	-838.624	3755.3	-8.9354	11596	5
3.14961	-780.958	3502.01	-2.7862	9021.62	5
3.30709	-728.322	3307.56	0.861	7225.47	5
3.46457	-685.706	3099.28	-0.6768	6624.06	5
3.62205	-644.612	2940.35	-0.2668	5158.59	5
3.77953	-612.894	2936.63	2.2458	5164.35	5
3.93701	-581.992	2856.51	-1.7632	4495.33	5
4.09449	-554.328	2800.92	-0.8752	4181.34	5
4.25197	-529.667	2726.59	-1.009	3930.44	5
4.40945	-507.743	2594.19	0.31	3614.25	5
4.56693	-487.318	2606.58	0.776	3510.99	5
4.72441	-468.575	2552.17	0.0552	3101.66	5
4.88189	-450.147	2537.2	2.0812	2976.15	5
5.03937	-433.61	2476.17	-0.356	2886.03	5
5.19685	-419.262	2511.27	0.2788	2731.32	5
5.35433	-406.464	2486.2	0.5958	2703.12	5
5.51181	-393.762	2471.21	-0.207	2569.51	5
5.66929	-380.84	2380.39	0.4978	2549.54	5
5.82677	-369.209	2382.51	-0.8566	2432.76	5
5.98425	-358.918	2348.69	-0.1512	2333.45	5
6.14173	-349.548	2361.83	0.0564	2261.38	5
6.29921	-339.5	2329.35	-0.3774	2258.11	5
6.45669	-330.635	2301.53	0.6054	2211.18	5
6.61417	-321.71	2271.16	-0.0838	2166.78	5
6.77165	-313.251	2267.12	-0.0866	2080.22	5
6.92913	-306.018	2314.15	0.2928	2110.38	5
7.08661	-299.03	2241.12	1.4472	1959	5
7.24409	-291.956	2237.42	-1.573	2028.15	5
7.40157	-284.398	2285.91	-0.772	1939.5	5
7.55906	-279.122	2246.77	-0.9238	1893.85	5
7.71654	-272.298	2245.7	-0.3204	1892.72	5
7.87402	-267.545	2228.81	-0.7608	1872.37	5
8.0315	-262.136	2237.83	0.1706	1820.67	5
8.18898	-256.774	2213.43	0.5962	1834.39	5
8.34646	-250.69	2179.98	-0.422	1769.35	5
8.50394	-246.647	2170.81	-0.087	1791.44	5
8.66142	-241.941	2150.82	-0.5294	1691.99	5
8.8189	-237.755	2134.89	-0.325	1714.67	5
8.97638	-233.194	2170.7	-0.2322	1672.24	5
9.13386	-228.301	2173.3	-0.6232	1678.53	5
9.29134	-225.593	2181.64	-0.5302	1722.16	5
9.44882	-220.346	2233.09	-0.325	1613.2	5
9.6063	-217.184	2167.03	-0.925	1664.92	5
9.76378	-213.96	2138.16	0.7622	1649.97	5
9.92126	-209.802	2172.39	-0.4916	1610.16	5
10.0787	-206.015	2136.65	-0.1168	1626.1	5
10.2362	-203.81	2159.04	0.1362	1589.29	5
10.3937	-199.628	2178.8	0.329	1545.55	5
10.5512	-197.313	2129.64	1.3352	1562.35	5
10.7087	-193.841	2104.45	-0.2668	1533.24	5
10.8661	-190.326	2166.81	-0.6794	1552.88	5
11.0236	-187.62	2116.45	-0.97	1578.62	5
11.1811	-185.028	2143.41	-0.7524	1517.7	5
11.3386	-183.706	2101.01	-0.1278	1541.65	5
11.4961	-179.844	2118.09	0.3218	1504.58	5
11.6535	-178.217	2092.16	-0.6792	1454.53	5
11.811	-175.415	2124.7	0.3986	1506.18	5
11.9685	-172.995	2095.27	0.1296	1494.56	5
12.126	-171.411	2137.03	-0.757	1426.24	5
12.2835	-168.952	2101.5	-0.015	1441	5
12.4409	-166.454	2128.5	-0.3912	1433.59	5
12.5984	-164.042	2118.66	-0.3616	1489.49	5
12.7559	-162.532	2151.09	-0.1238	1440.37	5
12.9134	-160.302	2092.91	0.2768	1441.05	5
13.0709	-157.926	2105.49	-0.653	1399.06	5
13.2283	-156.136	2128.11	0.0282	1399.76	5
13.3858	-154.662	2026.26	0.4626	1420.43	5
13.5433	-152.818	2111.8	0.0646	1402.48	5
13.7008	-150.692	2110.79	0.1248	1419.21	5
13.8583	-148.46	2096.34	-0.6358	1390.54	5
14.0157	-146.298	2129.84	0.6782	1398.2	5
14.1732	-145.837	2057.43	-0.5008	1374.47	5
14.3307	-143.738	2092.48	0.178	1388.87	5
14.4882	-142.218	2116.53	0.2176	1337.71	5
14.6457	-140.125	2102.56	0.1896	1373.78	5
14.8031	-138.967	2109.33	0.8336	1351.88	5
14.9606	-137.739	2090.73	0.4096	1360.75	5
15.1181	-136.877	2074.66	0.3406	1360.54	5
15.2756	-134.28	2089.54	-0.002	1331.15	5
15.4331	-133.807	2051.18	0.0314	1364.36	5
15.5906	-132.066	2117.22	-0.9484	1340.61	5
15.748	-131.051	2100.61	-0.3072	1358.43	5
15.9055	-129.685	2125.1	0.4186	1324.14	5
16.063	-128.07	2080.68	0.8746	1351	5
16.2205	-126.795	2101.89	0.3636	1322.68	5
16.378	-125.818	2092.78	-0.1488	1335.65	5
16.5354	-124.605	2126.6	-0.11	1312.89	5
16.6929	-123.382	2108.32	0.064	1298.43	5
16.8504	-122.032	2125.28	-0.027	1321.03	5
17.0079	-120.896	2106.67	0.6178	1326.18	5
17.1654	-119.982	2102.69	0.5372	1303.88	5
17.3228	-119.106	2077.22	-0.5172	1302.88	5
17.4803	-118.097	2112.25	-0.7618	1338.59	5
17.6378	-116.81	2102.79	0.1004	1322.26	5
17.7953	-116.214	2077.43	0.7048	1323.25	5
17.9528	-115.192	2041.68	1.083	1276.44	5
18.1102	-113.54	2104.01	0.2964	1301.24	5
18.2677	-112.777	2122.5	-0.048	1265.57	5
18.4252	-111.144	2054.58	1.3828	1276.09	5
18.5827	-110.728	2041.83	0.0946	1288.42	5
18.7402	-110.328	2014.05	0.2676	1309.06	5
18.8976	-108.412	2003.25	-0.4136	1321.44	5
19.0551	-108.141	2055.18	-0.197	1280.75	5
19.2126	-105.458	2111.95	-0.548	1303.43	5
19.3701	-105.908	2020.76	0.3852	1254.81	5
19.5276	-104.718	2140.19	-1.4842	1261.04	5
19.685	-105.025	2078.95	0.1988	1275.35	5
19.8425	-103.785	2092.37	0.0944	1280.43	5
20	-102.853	2082.12	-0.2554	1237.61	5
0	-2048	0	1024	0	6
0.15748	-2048	0	1024	0	6
0.314961	-2048	0	1024	0	6
0.472441	-2048	0.00639936	1024	0.00039996	6
0.629921	-2047.97	0.274017	1023.99	0.017126	6
0.787402	-2047.68	2.544	1023.92	0.160368	6
0.944882	-2046.23	14.8803	1023.55	0.992419	6
1.10236	-2041.69	53.5509	1022.38	3.71407	6
1.25984	-2031.66	137.944	1019.7	10.5043	6
1.41732	-2012.47	314.326	1014.37	26.9769	6
1.5748	-1981.73	622.412	1005.33	61.7201	6
1.73228	-1932.69	1144.87	989.746	139.958	6
1.88976	-1860.5	1966.5	963.862	334.187	6
2.04724	-1750.66	3534.29	915.764	1177.02	6
2.20472	-1573.85	7178.58	795.515	8317.11	6
2.3622	-1300.9	9482.36	-19.4286	218084	6
2.51969	-1117.34	5475.64	-19.0912	67320.2	6
2.67717	-1000.7	4589.65	0.7384	23315.5	6
2.83465	-910.928	3999.67	-3.2226	15989.9	6
2.99213	-839.807	3573.89	-7.1164	12394.5	6
3.14961	-779.178	3499.88	-0.2322	8711.61	6
3.30709	-728.702	3314.77	-2.0974	7806.35	6
3.46457	-683.785	3199.94	-0.5742	6380.56	6
3.62205	-646.787	2999.79	2.9778	5650.68	6
3.77953	-611.898	2953.41	1.4872	4732.58	6
3.93701	-580.448	2741.57	1.0118	4538.85	6
4.09449	-555.094	2753.73	1.8252	4103.11	6
4.25197	-530.039	2738.23	-0.9268	3790.93	6
4.40945	-507.946	2646.51	1.0896	3402.43	6
4.56693	-486.043	2601.53	0.5178	3437.34	6
4.72441	-467.93	2533.01	0.553	3248.76	6
4.88189	-451.24	2517.76	-0.7574	3074.93	6
5.03937	-433.802	2502.87	-0.5006	2836.31	6
5.19685	-420.088	2519.24	-1.828	2847.11	6
5.35433	-407.17	2486.84	0.9436	2568.19	6
5.51181	-392.976	2510.55	0.485	2577.12	6
5.66929	-381.205	2332.24	-1.2058	2468.17	6
5.82677	-369.126	2394.39	-0.4274	2360.84	6
5.98425	-359.516	2431.14	-0.3472	2360.71	6
6.14173	-349.161	2396.11	-0.3566	2267.13	6
6.29921	-338.631	2332.1	1.5842	2229.01	6
6.45669	-330.894	2350.58	0.8662	2212.53	6
6.61417	-321.964	2327.63	-0.901	2118.19	6
6.77165	-313.171	2261.12	0.6652	2131.66	6
6.92913	-304.28	2248.6	0.0686	2074.25	6
7.08661	-297.904	2213.04	0.5558	2016.75	6
7.24409	-292.229	2252.47	0.1124	1936.74	6
7.40157	-285.671	2208.63	0.4704	1897.7	6
7.55906	-279.07	2234.58	-0.081	1934.29	6
7.71654	-272.81	2157.35	-0.4822	1810.72	6
7.87402	-267.106	2203.89	-0.8378	1868.84	6
8.0315	-262.315	2233.81	0.7138	1831.2	6
8.18898	-255.883	2211.63	-0.1628	1767.2	6
8.34646	-252.804	2204.27	-0.2628	1794.52	6
8.50394	-246.336	2227.93	-0.0608	1752.88	6
8.66142	-241.742	2180.12	-0.431	1784.26	6
8.8189	-237.356	2154.1	0.039	1758.89	6
8.97638	-233.292	2218	-0.826	1726.66	6
9.13386	-227.939	2152.57	0.039	1627.48	6
9.29134	-224.934	2150.81	0.4172	1659.42	6
9.44882	-221.352	2166.76	0.7242	1665.35	6
9.6063	-217.3	2182.95	0.5936	1661.39	6
9.76378	-213.674	2076.68	0.139	1637.63	6
9.92126	-209.475	2173.23	1.5088	1610.33	6
10.0787	-206.294	2159.21	-0.1272	1630.96	6
10.2362	-203.264	2128.04	-0.4474	1557.04	6
10.3937	-200.665	2140.1	-0.3264	1590.33	6
10.5512	-197.674	2113.08	-0.8542	1524.64	6
10.7087	-193.789	2172.33	-0.313	1562.38	6
10.8661	-191.558	2145.31	0.6244	1577.9	6
11.0236	-188.629	2161.93	-0.9058	1549.82	6
11.1811	-184.898	2182.75	0.3756	1525.93	6
11.3386	-182.468	2118.1	0.9522	1523.13	6
11.4961	-180.342	2168.08	0.2286	1496.86	6
11.6535	-178.693	2133.99	0.9176	1487.15	6
11.811	-176.075	2100.16	-0.0678	1504.29	6
11.9685	-172.686	2157.88	-1.022	1480.94	6
12.126	-171.728	2130.22	0.6014	1495.43	6
12.2835	-168.756	2121.37	0.2168	1488.9	6
12.4409	-166.438	2149.64	0.9746	1489.74	6
12.5984	-164.382	2095.37	0.127	1447.84	6
12.7559	-162.285	2065.92	-0.1608	1436.6	6
12.9134	-160.282	2144.94	-0.7944	1438.95	6
13.0709	-159.347	2082.85	0.037	1422.46	6
13.2283	-156.889	2079.23	0.3772	1446.33	6
13.3858	-154.638	2084.65	-0.3376	1414.43	6
13.5433	-152.266	2110.65	-0.493	1369.57	6
13.7008	-150.937	2108.15	-0.1028	1393.7	6
13.8583	-149.076	2076.8	0.566	1433.67	6
14.0157	-147.178	2126.87	-1.215	1406.56	6
14.1732	-145.488	2039.91	-0.3164	1349.83	6
14.3307	-144.588	2148.47	-0.9386	1372.23	6
14.4882	-142.92	2100.54	0.113	1366.41	6
14.6457	-140.352	2114.21	0.6476	1343.5	6
14.8031	-139.87	2137.7	0.498	1375.26	6
14.9606	-138.067	2157.99	0.1734	1359.04	6
15.1181	-137.414	2106.51	-0.314	1337.91	6
15.2756	-134.279	2117.1	-0.6918	1356.31	6
15.4331	-132.97	2070.8	0.0136	1339.9	6
15.5906	-133.064	2060.35	-0.0938	1333.12	6
15.748	-131.002	2147.06	0.803	1344.22	6
15.9055	-129.43	2069.8	0.0934	1361.17	6
16.063	-127.414	2139.54	0.9762	1334.62	6
16.2205	-126.95	2079.71	0.9278	1334.58	6
16.378	-125.346	2045.28	0.1736	1317.51	6
16.5354	-124.954	2113.61	0.7912	1344.32	6
16.6929	-123.368	2071.44	-0.772	1331.48	6
16.8504	-122.234	2089.54	-0.175	1307.99	6
17.0079	-120.805	2085.86	0.3786	1337.79	6
17.1654	-120.266	2101.42	-0.2464	1332.44	6
17.3228	-118.384	2037.4	-0.3274	1317.94	6
17.4803	-118.07	2059.54	-0.3902	1303.58	6
17.6378	-116.436	2009.3	-0.4278	1285.57	6
17.7953	-116.144	2085.92	-0.5682	1324.69	6
17.9528	-113.854	2066.65	-0.302	1291.9	6
18.1102	-113.789	2052.59	0.6728	1295.42	6
18.2677	-112.424	2093.7	0.0986	1329.02	6
18.4252	-112.119	2026.93	-0.283	1291.24	6
18.5827	-110.143	2068.32	-0.3144	1284.09	6
18.7402	-109.437	2145.47	-0.1988	1287.54	6
18.8976	-109.27	2037.05	-0.1258	1281.29	6
19.0551	-107.542	2031.84	0.145	1281.86	6
19.2126	-107.428	2060.47	0.3778	1281.24	6
19.3701	-106.003	2108.41	-0.4858	1272.85	6
19.5276	-104.809	2101.15	-0.3176	1242.44	6
19.685	-104.418	2114.41	-0.108	1230.21	6
19.8425	-102.948	2076.47	-0.2814	1251.21	6
20	-102.725	2061.83	0.2928	1271.69	6
0	-2048	0	-1024	0	7
0.15748	-2048	0	-1024	0	7
0.314961	-2048	0	-1024	0	7
0.472441	-2048	0	-1024	0	7
0.629921	-2047.98	0.153231	-1024	0.00957696	7
0.787402	-2047.7	2.3932	-1023.92	0.152315	7
0.944882	-2046.2	14.9539	-1023.54	1.01493	7
1.10236	-2041.87	51.693	-1022.42	3.6075	7
1.25984	-2031.61	140.408	-1019.7	10.4522	7
1.41732	-2012.95	307.871	-1014.52	25.7252	7
1.5748	-1981.43	629.302	-1005.26	62.764	7
1.73228	-1931.84	1102.88	-989.476	138.012	7
1.88976	-1858.72	2008.09	-963.36	333.995	7
2.04724	-1751.18	3600.09	-914.46	1587.81	7
2.20472	-1585.73	6495.28	-816.239	4992.71	7
2.3622	-1297.19	8860.34	-99.9918	208212	7
2.51969	-1119.76	5417.04	-22.986	61387.9	7
2.67717	-998.474	4431.48	-10.735	24127.8	7
2.83465	-910.184	4153.72	16.7438	14346.2	7
2.99213	-839.784	3781.02	5.4464	11760.3	7
3.14961	-779.038	3483.22	2.4544	9423.4	7
3.30709	-728.684	3260.08	-5.2958	7437.33	7
3.46457	-683.144	3026.25	-2.4728	6280.32	7
3.62205	-647.308	3072.32	-0.564	5928.05	7
3.77953	-610.956	2926.66	-0.3622	5054.45	7
3.93701	-580.574	2820.1	-2.4176	4689.35	7
4.09449	-553.956	2738.95	-0.6932	4000.59	7
4.25197	-530.342	2721.52	-1.868	3675.16	7
4.40945	-508.142	2589.66	-0.7434	3466.47	7
4.56693	-486.546	2531.66	2.3148	3327.99	7
4.72441	-468.406	2575.64	-1.112	3216.71	7
4.88189	-451.117	2540.28	-0.0956	3021.39	7
5.03937	-434.505	2450.7	1.5372	2973.87	7
5.19685	-418.786	2431.86	0.5148	2746.9	7
5.35433	-406.406	2433.45	1.0622	2699.88	7
5.51181	-393.626	2396.68	-0.9194	2647.07	7
5.66929	-379.792	2451.66	0.8618	2534.86	7
5.82677	-369.344	2379.35	0.1568	2379.06	7
5.98425	-358.421	2327.63	0.2432	2350	7
6.14173	-349.444	2391.83	-1.6154	2328.27	7
6.29921	-338.934	2357.59	-0.9342	2284.83	7
6.45669	-330.319	2267.97	0.2386	2144.07	7
6.61417	-321.63	2287.31	0.785	2176.83	7
6.77165	-313.622	2320.12	0.6704	2052.82	7
6.92913	-306.236	2237.17	-0.5864	2059.5	7
7.08661	-299.088	2293.7	0.7772	1954.8	7
7.24409	-292.144	2296.02	-0.4206	2028.9	7
7.40157	-286.555	2271.17	0.095	1960.32	7
7.55906	-279.3	2273.34	-0.4242	1876.49	7
7.71654	-273.739	2194.22	-1.216	1863.64	7
7.87402	-266.225	2211.96	0.6622	1856.25	7
8.0315	-261.652	2173.43	0.1582	1802.18	7
8.18898	-256.796	2190.73	0.09	1786.56	7
8.34646	-251.356	2221.94	0.3686	1774.54	7
8.50394	-246.7	2234.86	-0.331	1780.61	7
8.66142	-241.792	2126.55	-0.0286	1728.95	7
8.8189	-237.508	2170.8	-0.4032	1714.73	7
8.97638	-233.018	2240.83	0.4366	1717.73	7
9.13386	-229.094	2126	0.6234	1716.16	7
9.29134	-225.176	2133.25	0.772	1650.7	7
9.44882	-221.249	2152.09	0.7458	1647.61	7
9.6063	-217.288	2115.77	0.2318	1632.22	7
9.76378	-213.969	2149.14	0.5824	1639.23	7
9.92126	-210.678	2154.49	-0.0536	1659.15	7
10.0787	-205.917	2139.15	0.4454	1564.83	7
10.2362	-203.02	2125.49	0.2212	1584.65	7
10.3937	-200.155	2144.06	0.2572	1572.93	7
10.5512	-198.073	2104.21	-0.0408	1537.47	7
10.7087	-193.59	2150.22	-0.3948	1556.21	7
10.8661	-191.298	2126.96	0.6582	1543.97	7
11.0236	-188.7	2178.17	0.0458	1483.02	7
11.1811	-185.824	2155.58	0.3888	1509.1	7
11.3386	-182.793	2141.74	-0.739	1468.6	7
11.4961	-180.424	2100.56	0.3574	1533.17	7
11.6535	-178.376	2117.23	-0.9476	1483.99	7
11.811	-175.332	2150.66	0.4082	1517.73	7
11.9685	-172.934	2081.08	-0.4262	1482.87	7
12.126	-170.882	2135.99	0.4824	1468.26	7
12.2835	-168.845	2122.59	-0.0136	1450.27	7
12.4409	-166.519	2139.72	0.9714	1461.26	7
12.5984	-164.153	2217.94	0.1482	1428.35	7
12.7559	-162.139	2108.68	0.3742	1446.15	7
12.9134	-159.421	2102.95	0.5342	1447.45	7
13.0709	-157.7	2102.97	-0.7504	1429.24	7
13.2283	-155.913	2110.12	-0.1488	1427.56	7
13.3858	-154.718	2167.59	0.681	1421.18	7
13.5433	-153.32	2060.84	0.2924	1390.55	7
13.7008	-150.623	2050.5	-1.0188	1382.34	7
13.8583	-148.801	2086.85	0.5642	1403.94	7
14.0157	-147.182	2077.82	-0.3492	1406.27	7
14.1732	-145.098	2093.97	-0.9132	1386.28	7
14.3307	-144.058	2056.45	-0.7402	1335.9	7
14.4882	-142.979	2048.38	0.1704	1386.64	7
14.6457	-141.3	2117.96	-0.0302	1351.21	7
14.8031	-138.454	2073.96	-0.0318	1378.72	7
14.9606	-137.981	2091.51	-0.3888	1351.76	7
15.1181	-137.2	2097.34	0.3978	1378.74	7
15.2756	-134.429	2024.41	-0.1482	1315.42	7
15.4331	-133.325	2098.33	0.243	1370.73	7
15.5906	-132.143	2062.03	-0.5154	1340.92	7
15.748	-131.465	2059.04	-0.3878	1349.2	7
15.9055	-129.773	2037.78	0.0234	1317.51	7
16.063	-128.44	2107.34	-0.3246	1299.76	7
16.2205	-126.79	2054.9	-0.4066	1343.51	7
16.378	-126.44	2081.08	-0.3458	1310.2	7
16.5354	-125.444	2029.13	-0.5324	1322.23	7
16.6929	-122.639	2051.63	0.1018	1281.07	7
16.8504	-122.162	2085.92	0.1812	1277.08	7
17.0079	-120.272	2134	-0.5962	1287.94	7
17.1654	-120.705	2078.76	-0.1144	1303.21	7
17.3228	-118.651	2046.88	-0.1274	1302.62	7
17.4803	-118.523	2056.82	-0.0824	1329.13	7
17.6378	-116.751	2125.13	-0.3064	1278.23	7
17.7953	-115.806	2133.31	0.2728	1284.75	7
17.9528	-114.831	2076.34	-0.3264	1310.01	7
18.1102	-113.37	2092.91	1.0828	1298.91	7
18.2677	-112.425	2057.94	0.5388	1284.21	7
18.4252	-111.653	2114.53	-0.2278	1279.73	7
18.5827	-111.136	2063.54	0.0418	1266.99	7
18.7402	-109.828	2040.07	0.2948	1299.47	7
18.8976	-108.452	1998.65	-0.545	1224.27	7
19.0551	-107.557	2050.77	-0.2852	1279.5	7
19.2126	-107.77	2092.12	0.7124	1291.61	7
19.3701	-106.846	2009.57	0.0854	1285.44	7
19.5276	-105.89	2111.56	0.0652	1276.25	7
19.685	-103.414	2061.49	-0.0932	1289.75	7
19.8425	-103.796	2095.02	-0.0854	1255.69	7
20	-102.801	2036.3	0.1502	1267.83	7
