0	-128	0	64	0	0
0.16129	-128	0	64	0	0
0.322581	-128	0	64	0	0
0.483871	-128	0	64	0	0
0.645161	-127.999	0.00639936	63.9998	0.00039996	0
0.806452	-127.97	0.235924	63.9926	0.0147452	0
0.967742	-127.865	1.08743	63.966	0.070044	0
1.12903	-127.499	4.162	63.8712	0.285811	0
1.29032	-126.879	9.40301	63.7058	0.697846	0
1.45161	-125.503	22.1144	63.3234	1.82661	0
1.6129	-123.111	44.4461	62.602	4.6456	0
1.77419	-119.824	80.8985	61.5516	10.1005	0
1.93548	-114.11	146.647	59.39	28.7447	0
2.09677	-107.5	232.862	-38.5356	1772.11	0
2.25806	-96.7132	354.043	-17.3642	2415.77	0
2.41935	-83.9632	431.691	1.2472	2045.81	0
2.58065	-73.1076	420.65	-3.3114	1487.44	0
2.74194	-64.684	370.758	0.4736	1146.19	0
2.90323	-56.486	290.62	-0.1934	782.691	0
3.06452	-52.012	268.297	0.7234	636.426	0
3.22581	-47.4564	231.485	-0.3108	497.813	0
3.3871	-44.4656	213.998	1.0218	426.364	0
3.54839	-41.898	198.761	0.3804	373.769	0
3.70968	-39.6536	189.854	0.4564	340.484	0
3.87097	-37.3076	184.209	0.5462	295.72	0
4.03226	-35.5264	179.005	-0.1994	272.188	0
4.19355	-33.6268	172.472	-0.3628	240.592	0
4.35484	-32.0648	167.871	-0.1994	232.592	0
4.51613	-30.818	169.968	-0.1698	220.224	0
4.67742	-29.3796	160.153	0.0428	197.929	0
4.83871	-28.5896	161.585	0.0582	196.217	0
5	-27.3232	158.3	-0.7342	176.682	0
0	-128	0	-64	0	1
0.16129	-128	0	-64	0	1
0.322581	-128	0	-64	0	1
0.483871	-128	0	-64	0	1
0.645161	-127.993	0.0575482	-63.9982	0.00359676	1
0.806452	-127.965	0.280361	-63.9912	0.0175226	1
0.967742	-127.867	1.06396	-63.9664	0.069271	1
1.12903	-127.499	4.1076	-63.87	0.2935	1
1.29032	-126.855	9.94063	-63.6942	0.882886	1
1.45161	-125.445	22.2618	-63.3062	1.87504	1
1.6129	-123.326	45.4065	-62.6622	4.58349	1
1.77419	-119.496	83.2276	-61.4304	10.9452	1
1.93548	-114.6	143.758	-59.601	27.8404	1
2.09677	-107.042	234.691	-45.8308	1137.81	1
2.25806	-96.58	367.696	11.6156	2587.45	1
2.41935	-83.538	445.027	-14.9926	1816.66	1
2.58065	-73.0956	417.928	-1.8216	1510.49	1
2.74194	-64.5032	378.224	2.644	1107.18	1
2.90323	-56.7096	314.46	0.5806	789.426	1
3.06452	-52.1468	275.27	-1.2242	658.569	1
3.22581	-47.9816	236.048	-1.7098	521.731	1
3.3871	-44.964	217.781	0.9722	457.66	1
3.54839	-41.7836	200.98	-0.1588	372.57	1
3.70968	-39.382	187.972	-0.462	333.505	1
3.87097	-37.3264	188.045	0.6224	310.182	1
4.03226	-35.2096	176.044	-0.2384	257.653	1
4.19355	-33.5956	173.948	-0.355	248.48	1
4.35484	-32.2768	170.557	-0.0326	231.059	1
4.51613	-30.5684	162.727	0.4642	213.427	1
4.67742	-29.6932	161.615	-0.1924	205.853	1
4.83871	-28.362	156.962	-0.0034	192.301	1
5	-27.7016	157.546	0.067	186.982	1
0	-128	0	64	0	2
0.16129	-128	0	64	0	2
0.322581	-128	0	64	0	2
0.483871	-128	0	64	0	2
0.645161	-128	0	64	0	2
0.806452	-127.975	0.197785	63.9938	0.0123616	2
0.967742	-127.86	1.14051	63.9642	0.0775184	2
1.12903	-127.555	3.64215	63.886	0.247804	2
1.29032	-126.831	9.87551	63.6928	0.742428	2
1.45161	-125.478	22.2943	63.3132	1.89551	2
1.6129	-123.23	45.2989	62.6362	4.71645	2
1.77419	-119.581	89.6502	61.3702	14.935	2
1.93548	-114.653	142.377	59.6574	25.2526	2
2.09677	-107.394	239.718	-9.6658	3148.5	2
2.25806	-96.8976	361.428	-1.3136	2728.06	2
2.41935	-85.2236	432.834	-0.3556	2137.31	2
2.58065	-72.7676	428.788	4.0312	1494.35	2
2.74194	-62.7316	345.033	-2.3678	1016.5	2
2.90323	-57.1008	305.284	1.7284	815.741	2
3.06452	-52.3636	267.953	-1.2994	657.357	2
3.22581	-47.66	241.58	0.3804	504.44	2
3.3871	-44.3948	206.547	0.877	424.981	2
3.54839	-41.622	196.734	0.629	367.175	2
3.70968	-39.7564	190.963	0.2208	325.542	2
3.87097	-37.1508	176.092	-0.4226	287.859	2
4.03226	-35.2492	177.985	-0.0008	270.613	2
4.19355	-33.8328	174.42	-0.0816	249.22	2
4.35484	-32.0624	167.791	0.0692	228.337	2
4.51613	-30.4688	166.555	0.5454	212.055	2
4.67742	-29.4228	160.24	-0.422	199.836	2
4.83871	-28.4936	158.566	-0.7242	188.504	2
5	-27.1504	149.502	0.2152	181.32	2
0	-128	0	-64	0	3
0.16129	-128	0	-64	0	3
0.322581	-128	0	-64	0	3
0.483871	-128	0	-64	0	3
0.645161	-127.999	0.00639936	-63.9998	0.00039996	3
0.806452	-127.97	0.235924	-63.9926	0.0147452	3
0.967742	-127.861	1.10553	-63.965	0.071175	3
1.12903	-127.534	3.94887	-63.8794	0.280256	3
1.29032	-126.764	10.8979	-63.6714	0.846022	3
1.45161	-125.409	22.9881	-63.286	2.0438	3
1.6129	-123.294	46.4546	-62.6328	5.57156	3
1.77419	-119.766	80.1595	-61.5056	11.9148	3
1.93548	-114.876	139.582	-59.7612	23.0302	3
2.09677	-106.831	241.694	-50.0908	716.476	3
2.25806	-97.5908	356.169	26.4148	2079.52	3
2.41935	-84.1192	448.549	-7.1122	2026.61	3
2.58065	-72.6012	425.147	4.0404	1468.07	3
2.74194	-63.4068	361.791	-1.1042	1070.99	3
2.90323	-57.2032	299.944	3.049	814.482	3
3.06452	-51.808	260.792	-0.2086	631.032	3
3.22581	-47.4196	222.113	0.2932	496.927	3
3.3871	-44.7308	211.97	-0.2924	439.243	3
3.54839	-41.4148	199.434	-0.1076	363.763	3
3.70968	-38.878	184.436	0.0358	318.844	3
3.87097	-37.2084	183.284	-0.341	300.318	3
4.03226	-35.3752	179.974	-0.2874	279.273	3
4.19355	-33.8112	171.651	0.2622	252.029	3
4.35484	-31.9672	167.311	0.0208	232.533	3
4.51613	-30.9268	164.037	0.349	216.044	3
4.67742	-29.8512	157.536	0.3738	206.292	3
4.83871	-28.3736	161.937	-0.113	190.111	3
5	-27.488	152.371	0.5184	181.831	3
0	-128	0	-64	0	4
0.16129	-128	0	-64	0	4
0.322581	-128	0	-64	0	4
0.483871	-128	0	-64	0	4
0.645161	-127.999	0.00639936	-63.9998	0.00039996	4
0.806452	-127.982	0.14049	-63.9956	0.00878064	4
0.967742	-127.857	1.18441	-63.9636	0.080275	4
1.12903	-127.542	3.8578	-63.8798	0.297952	4
1.29032	-126.721	11.0703	-63.6588	0.881183	4
1.45161	-125.581	21.9878	-63.3414	1.91305	4
1.6129	-123.263	45.8987	-62.6338	5.1755	4
1.77419	-119.934	75.3236	-61.6456	8.2704	4
1.93548	-114.522	145.805	-47.7506	1292.86	4
2.09677	-107.116	238.764	-7.6634	3181.41	4
2.25806	-94.6804	388.935	-0.1496	2608.25	4
2.41935	-84.0312	440.994	-4.5906	2037.65	4
2.58065	-71.8476	409.05	-1.477	1440.62	4
2.74194	-64.3044	360.45	-2.0062	1110.5	4
2.90323	-56.984	309.31	1.5828	815.065	4
3.06452	-51.9844	260.549	-2.8958	623.532	4
3.22581	-47.3272	227.787	0.541	494.328	4
3.3871	-44.8688	220.852	0.6536	452.934	4
3.54839	-41.5084	195.806	-1.0996	353.532	4
3.70968	-39.2512	192.614	-0.2982	339.279	4
3.87097	-37.0704	180.902	-0.188	289.141	4
4.03226	-35.4188	179.574	0.2204	269.921	4
4.19355	-33.8096	172.853	-0.1536	251.289	4
4.35484	-32.018	163.416	0.176	217.278	4
4.51613	-31.1088	168.182	0.2288	221.98	4
4.67742	-29.5944	161.195	0.1342	203.862	4
4.83871	-28.6064	162.279	0.0376	195.998	4
5	-27.3364	159.929	0.6036	184.624	4
0	-128	0	64	0	5
0.16129	-128	0	64	0	5
0.322581	-128	0	64	0	5
0.483871	-128	0	64	0	5
0.645161	-128	0	64	0	5
0.806452	-127.984	0.127744	63.996	0.007984	5
0.967742	-127.869	1.05159	63.9668	0.0684978	5
1.12903	-127.538	3.88219	63.881	0.268639	5
1.29032	-126.806	10.2342	63.6872	0.767756	5
1.45161	-125.424	23.1658	63.291	2.04412	5
1.6129	-123.338	44.6727	62.674	4.58412	5
1.77419	-119.729	82.9729	61.5022	11.0118	5
1.93548	-114.32	147.869	59.4346	30.1759	5
2.09677	-106.864	249.407	-51.093	612.002	5
2.25806	-96.5784	360.177	9.1482	2640.68	5
2.41935	-84.422	414.636	-6.0536	2064.39	5
2.58065	-73.8344	441.141	-2.1614	1578.76	5
2.74194	-64.4628	362.325	-4.1438	1100.24	5
2.90323	-57.4368	300.515	-2.562	841.439	5
3.06452	-52.458	281.693	0.6434	660.631	5
3.22581	-48.3656	237.93	-1.3432	534.813	5
3.3871	-43.9756	206.423	-0.786	409.473	5
3.54839	-41.7084	203.326	-0.4178	371.363	5
3.70968	-39.1856	191.148	1.2784	323.614	5
3.87097	-37.2576	186.342	0.3188	292.381	5
4.03226	-35.572	178.713	0.325	278.228	5
4.19355	-33.9484	172.234	0.4768	248.415	5
4.35484	-32.138	165.899	0.199	226.114	5
4.51613	-30.8596	161.472	0.3694	214.099	5
4.67742	-29.7032	164.466	0.1112	206.595	5
4.83871	-28.7436	160.329	0.113	193.485	5
5	-27.3828	159.486	-0.299	185.053	5
0	-128	0	-64	0	6
0.16129	-128	0	-64	0	6
0.322581	-128	0	-64	0	6
0.483871	-128	0	-64	0	6
0.645161	-127.999	0.00639936	-63.9998	0.00039996	6
0.806452	-127.968	0.254976	-63.992	0.015936	6
0.967742	-127.866	1.17255	-63.9654	0.0816028	6
1.12903	-127.538	3.96416	-63.88	0.2832	6
1.29032	-126.842	9.93676	-63.6924	0.770182	6
1.45161	-125.354	24.604	-63.2662	2.28274	6
1.6129	-123.34	43.1655	-62.6848	4.19745	6
1.77419	-119.861	80.4751	-61.5658	10.6311	6
1.93548	-114.616	144.25	-0.3178	3576.07	6
2.09677	-107.071	251.717	-10.0454	3127.37	6
2.25806	-96.7296	375.775	2.783	2700.35	6
2.41935	-85.1472	438.348	-10.8566	2028.37	6
2.58065	-73.6512	418.813	-5.2586	1515.82	6
2.74194	-65.294	370.929	-3.906	1168.27	6
2.90323	-57.5032	315.158	-1.0598	820.725	6
3.06452	-52.4564	267.467	-0.1498	647.609	6
3.22581	-48.0072	235.027	-0.2304	522.445	6
3.3871	-45.1152	217.166	-0.1924	445.719	6
3.54839	-40.8368	199.441	0.431	352.783	6
3.70968	-39.648	191.553	0.6988	333.727	6
3.87097	-36.9656	183.125	0.0836	286.258	6
4.03226	-35.108	176.376	-0.0642	271.383	6
4.19355	-33.676	172.865	0.003	251.357	6
4.35484	-32.4488	171.171	-0.0924	231.565	6
4.51613	-30.6056	164.356	0.3066	208.149	6
4.67742	-29.5832	162.069	0.0178	204.857	6
4.83871	-28.5832	162.335	0.1454	189.898	6
5	-27.2768	156.562	-0.0532	183.247	6
0	-128	0	-64	0	7
0.16129	-128	0	-64	0	7
0.322581	-128	0	-64	0	7
0.483871	-128	0	-64	0	7
0.645161	-128	0	-64	0	7
0.806452	-127.955	0.365993	-63.9886	0.02427	7
0.967742	-127.852	1.22758	-63.9624	0.0801862	7
1.12903	-127.528	3.87002	-63.8792	0.261407	7
1.29032	-126.743	10.8914	-63.6654	0.864443	7
1.45161	-125.524	21.991	-63.3254	1.87891	7
1.6129	-123.069	47.0968	-62.589	5.03748	7
1.77419	-119.485	84.7318	-61.4182	11.0411	7
1.93548	-114.61	143.784	36.1342	2278.72	7
2.09677	-106.168	277.418	18.592	2825.74	7
2.25806	-96.8668	355.874	-27.6732	1965.84	7
2.41935	-83.4084	444.704	0.6634	2034.39	7
2.58065	-72.6892	414.205	-2.0852	1492.82	7
2.74194	-63.0412	352.903	-1.3382	1035.62	7
2.90323	-56.5932	283.938	0.5816	784.927	7
3.06452	-52.1584	265.489	0.7336	651.595	7
3.22581	-47.608	227.565	-0.2926	494.315	7
3.3871	-44.1516	211.486	-0.826	413.906	7
3.54839	-41.8128	204.688	0.2198	376.89	7
3.70968	-39.4268	193.855	-0.2906	324.865	7
3.87097	-37.644	187.95	-0.9254	298.994	7
4.03226	-35.0228	174.298	-0.0554	258.307	7
4.19355	-33.7312	173.819	-0.208	243.868	7
4.35484	-32.282	166.517	-0.0948	233.153	7
4.51613	-31.3424	164.94	-0.339	224.077	7
4.67742	-29.6632	160.152	0.4272	200.515	7
4.83871	-28.4496	155.302	-0.2162	191.52	7
5	-27.4248	158.36	-0.3524	186.752	7
